=== DATA ===
Vector b1:
|	42.23706283415787	37.94004289521654	87.64137000112649	|

Vector c1:
|	29.52877302955846	57.573831030804875	72.87214940016202	|

Vector b:
|	21.0	1.3125	0.25925925925925924	|

Matrix A:
|	37.535120095631804	25.231330374728422	83.12015363932903	|
|	30.596811010272006	85.8192261396163	27.888338404828904	|
|	1.8394566879727172	11.091871526962603	99.11641053802263	|

Matrix A1:
|	66.19348009187642	38.80900581338654	22.93312557439082	|
|	26.625363279293765	53.84619312391744	62.916919755252295	|
|	3.709236975730722	89.94358256663057	38.0010913825494	|

Matrix A2:
|	92.94811383747667	28.321096760702968	35.770071810774496	|
|	10.994245057947971	80.07971666268887	72.72575104705336	|
|	49.72595277223335	6.5187451356590085	75.6851007135787	|

Matrix B2:
|	16.240968905078454	94.07829532138105	49.85539747664388	|
|	35.746476197908805	24.77598662199264	79.71352284484094	|
|	82.64326075471399	3.090584266688955	52.98757271383464	|

Matrix C2:
|	-21.0	-7.0	-4.2	|
|	10.5	0.0	-10.5	|
|	3.0	4.2	7.0	|

=== ==== ===

=== CALCULATION ===
//// Level 1
Vector y1:
|	842.9033125871473	762.4010754807659	78.88351900308986	|

Matrix A2*B2:
|	5478.102209747973	9556.633638787524	8786.908834749489	|
|	9051.41808510308	3243.138884094165	10785.11980269324	|
|	7295.483334100385	5073.552393804638	7009.1090570702145	|

Vector b1+20*c1:
|	632.8125234253271	1189.416663511314	1545.0843580043668	|

//// Level 2
Vector y2:
|	123481.75498513505	178106.37125977792	168042.5393735224	|

Matrix Y3:
|	5499.102209747973	9563.633638787524	8791.10883474949	|
|	9040.91808510308	3243.138884094165	10795.61980269324	|
|	7292.483334100385	5069.352393804638	7002.1090570702145	|

//// Level 3
Constant y2'*y2:
//// Level 4
7.52079183366366E10

Matrix Y3^2:
|	1.8081316810314265E8	1.2817281961909373E8	2.1314486150939304E8	|
|	1.5776476310207325E8	1.5170877923512557E8	1.9008349640933245E8	|
|	1.3699647455624855E8	1.2167941109996353E8	1.6786534700216576E8	|

Vector Y3*y1:
|	1.2620009641391698E7	1.0944788855785202E7	1.0564089079192536E7	|

Matrix y2'*y2*Y3:
|	4.135760299155434E14	7.192609777074428E14	6.611609953323241E14	|
|	6.799486290326534E14	2.439097243493247E14	8.119160925143301E14	|
|	5.484524910623051E14	3.812554408528925E14	5.266140461483602E14	|

Vector Y3^2*y2:
|	8.097292690074531E13	7.84434834100991E13	6.679696265608466E13	|

//// Level 5
Vector y2'*y2*Y3*y1:
|	9.491246545173533E17	8.231347864776238E17	7.945031487688668E17	|

Vector Y3^2*y2+Y3*y1:
|	8.097293952075495E13	7.844349435488795E13	6.6796973220173734E13	|

//// Level 6
Vector Y3^2*y2+Y3*y1+y2'*y2*Y3*y1:
|	9.492056274568741E17	8.232132299719788E17	7.94569945742087E17	|

//// Level 7
Vector x:
|	4.103561982458461E26	3.432338389143393E26	4.9217831071121304E26	|

=== =========== ===

--- RESULT ---
Vector x:
|	4.103561982458461E26	3.432338389143393E26	4.9217831071121304E26	|

